{
 "cells": [
  {
   "cell_type": "code",
   "execution_count": 1,
   "id": "9ff57b9c",
   "metadata": {},
   "outputs": [],
   "source": [
    "import pandas as pd\n",
    "import numpy as np\n",
    "\n",
    "from sklearn.model_selection import train_test_split\n",
    "from sklearn.preprocessing import StandardScaler\n",
    "from sklearn.pipeline import Pipeline\n",
    "from sklearn.metrics import accuracy_score, precision_score, recall_score, f1_score, roc_auc_score\n",
    "\n",
    "# Models\n",
    "from sklearn.linear_model import LogisticRegression\n",
    "from sklearn.neighbors import KNeighborsClassifier\n",
    "from sklearn.svm import SVC\n",
    "from sklearn.naive_bayes import GaussianNB\n",
    "from sklearn.tree import DecisionTreeClassifier\n",
    "from sklearn.ensemble import RandomForestClassifier, GradientBoostingClassifier\n",
    "from sklearn.neural_network import MLPClassifier\n",
    "from xgboost import XGBClassifier\n",
    "\n",
    "import warnings\n",
    "warnings.filterwarnings(\"ignore\")"
   ]
  },
  {
   "cell_type": "code",
   "execution_count": 2,
   "id": "477214d3",
   "metadata": {},
   "outputs": [
    {
     "name": "stdout",
     "output_type": "stream",
     "text": [
      "X shape: (319, 38)\n",
      "y distribution:\n",
      "Gallstone Status\n",
      "0    161\n",
      "1    158\n",
      "Name: count, dtype: int64\n"
     ]
    }
   ],
   "source": [
    "# 1 Load dataset\n",
    "\n",
    "df = pd.read_csv(\"Dataset/dataset-uci.csv\")\n",
    "\n",
    "target_col = \"Gallstone Status\"\n",
    "\n",
    "X = df.drop(columns=[target_col])\n",
    "y = df[target_col]\n",
    "\n",
    "print(\"X shape:\", X.shape)\n",
    "print(\"y distribution:\")\n",
    "print(y.value_counts())"
   ]
  },
  {
   "cell_type": "code",
   "execution_count": 3,
   "id": "4f09afbb",
   "metadata": {},
   "outputs": [
    {
     "name": "stdout",
     "output_type": "stream",
     "text": [
      "Train size: (223, 38)\n",
      "Test size: (96, 38)\n"
     ]
    }
   ],
   "source": [
    "# 2 Stratified to keep 50-50 balance\n",
    "\n",
    "X_train, X_test, y_train, y_test = train_test_split(\n",
    "    X, y, test_size=0.30, random_state=42, stratify=y\n",
    ")\n",
    "\n",
    "print(\"Train size:\", X_train.shape)\n",
    "print(\"Test size:\", X_test.shape)"
   ]
  },
  {
   "cell_type": "code",
   "execution_count": 4,
   "id": "1ec20040",
   "metadata": {},
   "outputs": [],
   "source": [
    "#3 Model Evaluation Code\n",
    "\n",
    "def evaluate_model(name, model, X_train, X_test, y_train, y_test):\n",
    "    model.fit(X_train, y_train)\n",
    "    preds = model.predict(X_test)\n",
    "    \n",
    "    # Some models (SVM) need probability estimates enabled\n",
    "    if hasattr(model, \"predict_proba\"):\n",
    "        proba = model.predict_proba(X_test)[:, 1]\n",
    "    else:\n",
    "        # fallback using decision_function\n",
    "        try:\n",
    "            proba = model.decision_function(X_test)\n",
    "        except:\n",
    "            proba = np.zeros_like(preds)\n",
    "    \n",
    "    return {\n",
    "        \"Model\": name,\n",
    "        \"Accuracy\": accuracy_score(y_test, preds),\n",
    "        \"Precision\": precision_score(y_test, preds),\n",
    "        \"Recall\": recall_score(y_test, preds),\n",
    "        \"F1\": f1_score(y_test, preds),\n",
    "        \"ROC-AUC\": roc_auc_score(y_test, proba)\n",
    "    }"
   ]
  },
  {
   "cell_type": "code",
   "execution_count": 5,
   "id": "51d15c66",
   "metadata": {},
   "outputs": [],
   "source": [
    "# 4 Model Definition and Hyperparameters\n",
    "\n",
    "models = []\n",
    "\n",
    "# Scaled models\n",
    "scaled_models = {\n",
    "    \"Logistic Regression\": LogisticRegression(max_iter=200),\n",
    "    \"KNN\": KNeighborsClassifier(),\n",
    "    \"SVM (Linear)\": SVC(kernel=\"linear\", probability=True),\n",
    "    \"SVM (RBF)\": SVC(kernel=\"rbf\", probability=True),\n",
    "    \"MLP Neural Network\": MLPClassifier(hidden_layer_sizes=(32,16), max_iter=600)\n",
    "}\n",
    "\n",
    "# Tree & ensemble models\n",
    "tree_models = {\n",
    "    \"Decision Tree\": DecisionTreeClassifier(),\n",
    "    \"Random Forest\": RandomForestClassifier(n_estimators=300, random_state=42),\n",
    "    \"Gradient Boosting\": GradientBoostingClassifier(),\n",
    "    \"XGBoost\": XGBClassifier(\n",
    "        n_estimators=300, \n",
    "        learning_rate=0.05,\n",
    "        max_depth=4,\n",
    "        subsample=0.9,\n",
    "        colsample_bytree=0.9,\n",
    "        eval_metric=\"logloss\"\n",
    "    )\n",
    "}"
   ]
  },
  {
   "cell_type": "code",
   "execution_count": 6,
   "id": "6f1af978",
   "metadata": {},
   "outputs": [
    {
     "data": {
      "text/html": [
       "<div>\n",
       "<style scoped>\n",
       "    .dataframe tbody tr th:only-of-type {\n",
       "        vertical-align: middle;\n",
       "    }\n",
       "\n",
       "    .dataframe tbody tr th {\n",
       "        vertical-align: top;\n",
       "    }\n",
       "\n",
       "    .dataframe thead th {\n",
       "        text-align: right;\n",
       "    }\n",
       "</style>\n",
       "<table border=\"1\" class=\"dataframe\">\n",
       "  <thead>\n",
       "    <tr style=\"text-align: right;\">\n",
       "      <th></th>\n",
       "      <th>Model</th>\n",
       "      <th>Accuracy</th>\n",
       "      <th>Precision</th>\n",
       "      <th>Recall</th>\n",
       "      <th>F1</th>\n",
       "      <th>ROC-AUC</th>\n",
       "    </tr>\n",
       "  </thead>\n",
       "  <tbody>\n",
       "    <tr>\n",
       "      <th>0</th>\n",
       "      <td>Logistic Regression</td>\n",
       "      <td>0.781250</td>\n",
       "      <td>0.800000</td>\n",
       "      <td>0.750000</td>\n",
       "      <td>0.774194</td>\n",
       "      <td>0.884115</td>\n",
       "    </tr>\n",
       "    <tr>\n",
       "      <th>1</th>\n",
       "      <td>KNN</td>\n",
       "      <td>0.656250</td>\n",
       "      <td>0.674419</td>\n",
       "      <td>0.604167</td>\n",
       "      <td>0.637363</td>\n",
       "      <td>0.705512</td>\n",
       "    </tr>\n",
       "    <tr>\n",
       "      <th>2</th>\n",
       "      <td>SVM (Linear)</td>\n",
       "      <td>0.833333</td>\n",
       "      <td>0.863636</td>\n",
       "      <td>0.791667</td>\n",
       "      <td>0.826087</td>\n",
       "      <td>0.914497</td>\n",
       "    </tr>\n",
       "    <tr>\n",
       "      <th>3</th>\n",
       "      <td>SVM (RBF)</td>\n",
       "      <td>0.760417</td>\n",
       "      <td>0.777778</td>\n",
       "      <td>0.729167</td>\n",
       "      <td>0.752688</td>\n",
       "      <td>0.873264</td>\n",
       "    </tr>\n",
       "    <tr>\n",
       "      <th>4</th>\n",
       "      <td>MLP Neural Network</td>\n",
       "      <td>0.760417</td>\n",
       "      <td>0.790698</td>\n",
       "      <td>0.708333</td>\n",
       "      <td>0.747253</td>\n",
       "      <td>0.874132</td>\n",
       "    </tr>\n",
       "    <tr>\n",
       "      <th>5</th>\n",
       "      <td>Decision Tree</td>\n",
       "      <td>0.739583</td>\n",
       "      <td>0.744681</td>\n",
       "      <td>0.729167</td>\n",
       "      <td>0.736842</td>\n",
       "      <td>0.739583</td>\n",
       "    </tr>\n",
       "    <tr>\n",
       "      <th>6</th>\n",
       "      <td>Random Forest</td>\n",
       "      <td>0.812500</td>\n",
       "      <td>0.800000</td>\n",
       "      <td>0.833333</td>\n",
       "      <td>0.816327</td>\n",
       "      <td>0.894314</td>\n",
       "    </tr>\n",
       "    <tr>\n",
       "      <th>7</th>\n",
       "      <td>Gradient Boosting</td>\n",
       "      <td>0.791667</td>\n",
       "      <td>0.791667</td>\n",
       "      <td>0.791667</td>\n",
       "      <td>0.791667</td>\n",
       "      <td>0.870226</td>\n",
       "    </tr>\n",
       "    <tr>\n",
       "      <th>8</th>\n",
       "      <td>XGBoost</td>\n",
       "      <td>0.843750</td>\n",
       "      <td>0.836735</td>\n",
       "      <td>0.854167</td>\n",
       "      <td>0.845361</td>\n",
       "      <td>0.902778</td>\n",
       "    </tr>\n",
       "  </tbody>\n",
       "</table>\n",
       "</div>"
      ],
      "text/plain": [
       "                 Model  Accuracy  Precision    Recall        F1   ROC-AUC\n",
       "0  Logistic Regression  0.781250   0.800000  0.750000  0.774194  0.884115\n",
       "1                  KNN  0.656250   0.674419  0.604167  0.637363  0.705512\n",
       "2         SVM (Linear)  0.833333   0.863636  0.791667  0.826087  0.914497\n",
       "3            SVM (RBF)  0.760417   0.777778  0.729167  0.752688  0.873264\n",
       "4   MLP Neural Network  0.760417   0.790698  0.708333  0.747253  0.874132\n",
       "5        Decision Tree  0.739583   0.744681  0.729167  0.736842  0.739583\n",
       "6        Random Forest  0.812500   0.800000  0.833333  0.816327  0.894314\n",
       "7    Gradient Boosting  0.791667   0.791667  0.791667  0.791667  0.870226\n",
       "8              XGBoost  0.843750   0.836735  0.854167  0.845361  0.902778"
      ]
     },
     "execution_count": 6,
     "metadata": {},
     "output_type": "execute_result"
    }
   ],
   "source": [
    "# 5 Results\n",
    "\n",
    "results = []\n",
    "\n",
    "scaler = StandardScaler()\n",
    "X_train_scaled = scaler.fit_transform(X_train)\n",
    "X_test_scaled = scaler.transform(X_test)\n",
    "\n",
    "# Scaled models\n",
    "for name, model in scaled_models.items():\n",
    "    res = evaluate_model(name, model, X_train_scaled, X_test_scaled, y_train, y_test)\n",
    "    results.append(res)\n",
    "\n",
    "# Tree-based models\n",
    "for name, model in tree_models.items():\n",
    "    res = evaluate_model(name, model, X_train, X_test, y_train, y_test)\n",
    "    results.append(res)\n",
    "\n",
    "results_df = pd.DataFrame(results)\n",
    "results_df"
   ]
  },
  {
   "cell_type": "code",
   "execution_count": 7,
   "id": "75a2baaa",
   "metadata": {},
   "outputs": [
    {
     "data": {
      "text/html": [
       "<div>\n",
       "<style scoped>\n",
       "    .dataframe tbody tr th:only-of-type {\n",
       "        vertical-align: middle;\n",
       "    }\n",
       "\n",
       "    .dataframe tbody tr th {\n",
       "        vertical-align: top;\n",
       "    }\n",
       "\n",
       "    .dataframe thead th {\n",
       "        text-align: right;\n",
       "    }\n",
       "</style>\n",
       "<table border=\"1\" class=\"dataframe\">\n",
       "  <thead>\n",
       "    <tr style=\"text-align: right;\">\n",
       "      <th></th>\n",
       "      <th>Model</th>\n",
       "      <th>Accuracy</th>\n",
       "      <th>Precision</th>\n",
       "      <th>Recall</th>\n",
       "      <th>F1</th>\n",
       "      <th>ROC-AUC</th>\n",
       "    </tr>\n",
       "  </thead>\n",
       "  <tbody>\n",
       "    <tr>\n",
       "      <th>0</th>\n",
       "      <td>XGBoost</td>\n",
       "      <td>0.843750</td>\n",
       "      <td>0.836735</td>\n",
       "      <td>0.854167</td>\n",
       "      <td>0.845361</td>\n",
       "      <td>0.902778</td>\n",
       "    </tr>\n",
       "    <tr>\n",
       "      <th>1</th>\n",
       "      <td>SVM (Linear)</td>\n",
       "      <td>0.833333</td>\n",
       "      <td>0.863636</td>\n",
       "      <td>0.791667</td>\n",
       "      <td>0.826087</td>\n",
       "      <td>0.914497</td>\n",
       "    </tr>\n",
       "    <tr>\n",
       "      <th>2</th>\n",
       "      <td>Random Forest</td>\n",
       "      <td>0.812500</td>\n",
       "      <td>0.800000</td>\n",
       "      <td>0.833333</td>\n",
       "      <td>0.816327</td>\n",
       "      <td>0.894314</td>\n",
       "    </tr>\n",
       "    <tr>\n",
       "      <th>3</th>\n",
       "      <td>Gradient Boosting</td>\n",
       "      <td>0.791667</td>\n",
       "      <td>0.791667</td>\n",
       "      <td>0.791667</td>\n",
       "      <td>0.791667</td>\n",
       "      <td>0.870226</td>\n",
       "    </tr>\n",
       "    <tr>\n",
       "      <th>4</th>\n",
       "      <td>Logistic Regression</td>\n",
       "      <td>0.781250</td>\n",
       "      <td>0.800000</td>\n",
       "      <td>0.750000</td>\n",
       "      <td>0.774194</td>\n",
       "      <td>0.884115</td>\n",
       "    </tr>\n",
       "    <tr>\n",
       "      <th>5</th>\n",
       "      <td>SVM (RBF)</td>\n",
       "      <td>0.760417</td>\n",
       "      <td>0.777778</td>\n",
       "      <td>0.729167</td>\n",
       "      <td>0.752688</td>\n",
       "      <td>0.873264</td>\n",
       "    </tr>\n",
       "    <tr>\n",
       "      <th>6</th>\n",
       "      <td>MLP Neural Network</td>\n",
       "      <td>0.760417</td>\n",
       "      <td>0.790698</td>\n",
       "      <td>0.708333</td>\n",
       "      <td>0.747253</td>\n",
       "      <td>0.874132</td>\n",
       "    </tr>\n",
       "    <tr>\n",
       "      <th>7</th>\n",
       "      <td>Decision Tree</td>\n",
       "      <td>0.739583</td>\n",
       "      <td>0.744681</td>\n",
       "      <td>0.729167</td>\n",
       "      <td>0.736842</td>\n",
       "      <td>0.739583</td>\n",
       "    </tr>\n",
       "    <tr>\n",
       "      <th>8</th>\n",
       "      <td>KNN</td>\n",
       "      <td>0.656250</td>\n",
       "      <td>0.674419</td>\n",
       "      <td>0.604167</td>\n",
       "      <td>0.637363</td>\n",
       "      <td>0.705512</td>\n",
       "    </tr>\n",
       "  </tbody>\n",
       "</table>\n",
       "</div>"
      ],
      "text/plain": [
       "                 Model  Accuracy  Precision    Recall        F1   ROC-AUC\n",
       "0              XGBoost  0.843750   0.836735  0.854167  0.845361  0.902778\n",
       "1         SVM (Linear)  0.833333   0.863636  0.791667  0.826087  0.914497\n",
       "2        Random Forest  0.812500   0.800000  0.833333  0.816327  0.894314\n",
       "3    Gradient Boosting  0.791667   0.791667  0.791667  0.791667  0.870226\n",
       "4  Logistic Regression  0.781250   0.800000  0.750000  0.774194  0.884115\n",
       "5            SVM (RBF)  0.760417   0.777778  0.729167  0.752688  0.873264\n",
       "6   MLP Neural Network  0.760417   0.790698  0.708333  0.747253  0.874132\n",
       "7        Decision Tree  0.739583   0.744681  0.729167  0.736842  0.739583\n",
       "8                  KNN  0.656250   0.674419  0.604167  0.637363  0.705512"
      ]
     },
     "execution_count": 7,
     "metadata": {},
     "output_type": "execute_result"
    }
   ],
   "source": [
    "# 6 Rank Results\n",
    "\n",
    "results_df.sort_values(\"Accuracy\", ascending=False).reset_index(drop=True)  "
   ]
  }
 ],
 "metadata": {
  "kernelspec": {
   "display_name": "Python 3",
   "language": "python",
   "name": "python3"
  },
  "language_info": {
   "codemirror_mode": {
    "name": "ipython",
    "version": 3
   },
   "file_extension": ".py",
   "mimetype": "text/x-python",
   "name": "python",
   "nbconvert_exporter": "python",
   "pygments_lexer": "ipython3",
   "version": "3.12.5"
  }
 },
 "nbformat": 4,
 "nbformat_minor": 5
}
